C = [
 [-1, -1, -1, -1, 1, -1],
 [-1, -1, -1, -1, 1, 0],
 [-1, -1, -1, 0, 1, -1],
 [-1, -1, -1, 0, 1, 0],
 [0, -1, -1, -1, 1, -1],
 [0, -1, -1, -1, 1, 0],
 [0, -1, -1, 0, 1, -1],
 [0, -1, -1, 0, 1, 0],
 [-1, -1, 2, -1, -1, -1],
 [-1, -1, 2, -1, -1, 0],
 [-1, -1, 2, -1, 1, -1],
 [-1, -1, 2, -1, 1, 0],
 [-1, -1, 2, 0, -1, -1],
 [-1, -1, 2, 0, -1, 0],
 [-1, -1, 2, 0, 1, -1],
 [-1, -1, 2, 0, 1, 0],
 [0, -1, 2, -1, -1, -1],
 [0, -1, 2, -1, -1, 0],
 [0, -1, 2, -1, 1, -1],
 [0, -1, 2, -1, 1, 0],
 [0, -1, 2, 0, -1, -1],
 [0, -1, 2, 0, -1, 0],
 [0, -1, 2, 0, 1, -1],
 [0, -1, 2, 0, 1, 0],
 [-1, -1, -1, -1, -1, 3],
 [-1, -1, -1, -1, 1, 3],
 [-1, -1, -1, 0, -1, 3],
 [-1, -1, -1, 0, 1, 3],
 [-1, -1, 2, -1, -1, 3],
 [-1, -1, 2, -1, 1, 3],
 [-1, -1, 2, 0, -1, 3],
 [-1, -1, 2, 0, 1, 3],
 [-1, 3, -1, -1, -1, -1],
 [-1, 3, -1, -1, -1, 0],
 [-1, 3, -1, -1, -1, 3],
 [-1, 3, -1, -1, 1, -1],
 [-1, 3, -1, -1, 1, 0],
 [-1, 3, -1, -1, 1, 3],
 [-1, 3, -1, 0, -1, -1],
 [-1, 3, -1, 0, -1, 0],
 [-1, 3, -1, 0, -1, 3],
 [-1, 3, -1, 0, 1, -1],
 [-1, 3, -1, 0, 1, 0],
 [-1, 3, -1, 0, 1, 3],
 [-1, 3, 2, -1, -1, -1],
 [-1, 3, 2, -1, -1, 0],
 [-1, 3, 2, -1, -1, 3],
 [-1, 3, 2, -1, 1, -1],
 [-1, 3, 2, -1, 1, 0],
 [-1, 3, 2, -1, 1, 3],
 [-1, 3, 2, 0, -1, -1],
 [-1, 3, 2, 0, -1, 0],
 [-1, 3, 2, 0, -1, 3],
 [-1, 3, 2, 0, 1, -1],
 [-1, 3, 2, 0, 1, 0],
 [-1, 3, 2, 0, 1, 3],
 [0, -1, -1, -1, -1, 3],
 [0, -1, -1, -1, 1, 3],
 [0, -1, -1, 0, -1, 3],
 [0, -1, -1, 0, 1, 3],
 [0, -1, 2, -1, -1, 3],
 [0, -1, 2, -1, 1, 3],
 [0, -1, 2, 0, -1, 3],
 [0, -1, 2, 0, 1, 3],
 [0, 3, -1, -1, -1, -1],
 [0, 3, -1, -1, -1, 0],
 [0, 3, -1, -1, -1, 3],
 [0, 3, -1, -1, 1, -1],
 [0, 3, -1, -1, 1, 0],
 [0, 3, -1, -1, 1, 3],
 [0, 3, -1, 0, -1, -1],
 [0, 3, -1, 0, -1, 0],
 [0, 3, -1, 0, -1, 3],
 [0, 3, -1, 0, 1, -1],
 [0, 3, -1, 0, 1, 0],
 [0, 3, -1, 0, 1, 3],
 [0, 3, 2, -1, -1, -1],
 [0, 3, 2, -1, -1, 0],
 [0, 3, 2, -1, -1, 3],
 [0, 3, 2, -1, 1, -1],
 [0, 3, 2, -1, 1, 0],
 [0, 3, 2, -1, 1, 3],
 [0, 3, 2, 0, -1, -1],
 [0, 3, 2, 0, -1, 0],
 [0, 3, 2, 0, -1, 3],
 [0, 3, 2, 0, 1, -1],
 [0, 3, 2, 0, 1, 0],
 [0, 3, 2, 0, 1, 3],
 [3, -1, -1, -1, -1, -1],
 [3, -1, -1, -1, -1, 0],
 [3, -1, -1, -1, -1, 3],
 [3, -1, -1, -1, 1, -1],
 [3, -1, -1, -1, 1, 0],
 [3, -1, -1, -1, 1, 3],
 [3, -1, -1, 0, -1, -1],
 [3, -1, -1, 0, -1, 0],
 [3, -1, -1, 0, -1, 3],
 [3, -1, -1, 0, 1, -1],
 [3, -1, -1, 0, 1, 0],
 [3, -1, -1, 0, 1, 3],
 [3, -1, 2, -1, -1, -1],
 [3, -1, 2, -1, -1, 0],
 [3, -1, 2, -1, -1, 3],
 [3, -1, 2, -1, 1, -1],
 [3, -1, 2, -1, 1, 0],
 [3, -1, 2, -1, 1, 3],
 [3, -1, 2, 0, -1, -1],
 [3, -1, 2, 0, -1, 0],
 [3, -1, 2, 0, -1, 3],
 [3, -1, 2, 0, 1, -1],
 [3, -1, 2, 0, 1, 0],
 [3, -1, 2, 0, 1, 3],
 [3, 3, -1, -1, -1, -1],
 [3, 3, -1, -1, -1, 0],
 [3, 3, -1, -1, -1, 3],
 [3, 3, -1, -1, 1, -1],
 [3, 3, -1, -1, 1, 0],
 [3, 3, -1, -1, 1, 3],
 [3, 3, -1, 0, -1, -1],
 [3, 3, -1, 0, -1, 0],
 [3, 3, -1, 0, -1, 3],
 [3, 3, -1, 0, 1, -1],
 [3, 3, -1, 0, 1, 0],
 [3, 3, -1, 0, 1, 3],
 [3, 3, 2, -1, -1, -1],
 [3, 3, 2, -1, -1, 0],
 [3, 3, 2, -1, -1, 3],
 [3, 3, 2, -1, 1, -1],
 [3, 3, 2, -1, 1, 0],
 [3, 3, 2, -1, 1, 3],
 [3, 3, 2, 0, -1, -1],
 [3, 3, 2, 0, -1, 0],
 [3, 3, 2, 0, -1, 3],
 [3, 3, 2, 0, 1, -1],
 [3, 3, 2, 0, 1, 0],
 [3, 3, 2, 0, 1, 3],
 [-1, -1, -1, -1, 5, -1],
 [-1, -1, -1, -1, 5, 0],
 [-1, -1, -1, -1, 5, 3],
 [-1, -1, -1, 0, 5, -1],
 [-1, -1, -1, 0, 5, 0],
 [-1, -1, -1, 0, 5, 3],
 [-1, -1, -1, 5, -1, -1],
 [-1, -1, -1, 5, -1, 0],
 [-1, -1, -1, 5, -1, 3],
 [-1, -1, -1, 5, 5, -1],
 [-1, -1, -1, 5, 5, 0],
 [-1, -1, -1, 5, 5, 3],
 [-1, -1, 2, -1, 5, -1],
 [-1, -1, 2, -1, 5, 0],
 [-1, -1, 2, -1, 5, 3],
 [-1, -1, 2, 0, 5, -1],
 [-1, -1, 2, 0, 5, 0],
 [-1, -1, 2, 0, 5, 3],
 [-1, -1, 2, 5, -1, -1],
 [-1, -1, 2, 5, -1, 0],
 [-1, -1, 2, 5, -1, 3],
 [-1, -1, 2, 5, 5, -1],
 [-1, -1, 2, 5, 5, 0],
 [-1, -1, 2, 5, 5, 3],
 [-1, -1, 5, -1, -1, -1],
 [-1, -1, 5, -1, -1, 0],
 [-1, -1, 5, -1, -1, 3],
 [-1, -1, 5, -1, 5, -1],
 [-1, -1, 5, -1, 5, 0],
 [-1, -1, 5, -1, 5, 3],
 [-1, -1, 5, 0, -1, -1],
 [-1, -1, 5, 0, -1, 0],
 [-1, -1, 5, 0, -1, 3],
 [-1, -1, 5, 0, 5, -1],
 [-1, -1, 5, 0, 5, 0],
 [-1, -1, 5, 0, 5, 3],
 [-1, -1, 5, 5, -1, -1],
 [-1, -1, 5, 5, -1, 0],
 [-1, -1, 5, 5, -1, 3],
 [-1, -1, 5, 5, 5, -1],
 [-1, -1, 5, 5, 5, 0],
 [-1, -1, 5, 5, 5, 3],
 [-1, 3, -1, -1, 5, -1],
 [-1, 3, -1, -1, 5, 0],
 [-1, 3, -1, -1, 5, 3],
 [-1, 3, -1, 0, 5, -1],
 [-1, 3, -1, 0, 5, 0],
 [-1, 3, -1, 0, 5, 3],
 [-1, 3, -1, 5, -1, -1],
 [-1, 3, -1, 5, -1, 0],
 [-1, 3, -1, 5, -1, 3],
 [-1, 3, -1, 5, 5, -1],
 [-1, 3, -1, 5, 5, 0],
 [-1, 3, -1, 5, 5, 3],
 [-1, 3, 2, -1, 5, -1],
 [-1, 3, 2, -1, 5, 0],
 [-1, 3, 2, -1, 5, 3],
 [-1, 3, 2, 0, 5, -1],
 [-1, 3, 2, 0, 5, 0],
 [-1, 3, 2, 0, 5, 3],
 [-1, 3, 2, 5, -1, -1],
 [-1, 3, 2, 5, -1, 0],
 [-1, 3, 2, 5, -1, 3],
 [-1, 3, 2, 5, 5, -1],
 [-1, 3, 2, 5, 5, 0],
 [-1, 3, 2, 5, 5, 3],
 [-1, 3, 5, -1, -1, -1],
 [-1, 3, 5, -1, -1, 0],
 [-1, 3, 5, -1, -1, 3],
 [-1, 3, 5, -1, 5, -1],
 [-1, 3, 5, -1, 5, 0],
 [-1, 3, 5, -1, 5, 3],
 [-1, 3, 5, 0, -1, -1],
 [-1, 3, 5, 0, -1, 0],
 [-1, 3, 5, 0, -1, 3],
 [-1, 3, 5, 0, 5, -1],
 [-1, 3, 5, 0, 5, 0],
 [-1, 3, 5, 0, 5, 3],
 [-1, 3, 5, 5, -1, -1],
 [-1, 3, 5, 5, -1, 0],
 [-1, 3, 5, 5, -1, 3],
 [-1, 3, 5, 5, 5, -1],
 [-1, 3, 5, 5, 5, 0],
 [-1, 3, 5, 5, 5, 3],
 [0, -1, -1, -1, 5, -1],
 [0, -1, -1, -1, 5, 0],
 [0, -1, -1, -1, 5, 3],
 [0, -1, -1, 0, 5, -1],
 [0, -1, -1, 0, 5, 0],
 [0, -1, -1, 0, 5, 3],
 [0, -1, -1, 5, -1, -1],
 [0, -1, -1, 5, -1, 0],
 [0, -1, -1, 5, -1, 3],
 [0, -1, -1, 5, 5, -1],
 [0, -1, -1, 5, 5, 0],
 [0, -1, -1, 5, 5, 3],
 [0, -1, 2, -1, 5, -1],
 [0, -1, 2, -1, 5, 0],
 [0, -1, 2, -1, 5, 3],
 [0, -1, 2, 0, 5, -1],
 [0, -1, 2, 0, 5, 0],
 [0, -1, 2, 0, 5, 3],
 [0, -1, 2, 5, -1, -1],
 [0, -1, 2, 5, -1, 0],
 [0, -1, 2, 5, -1, 3],
 [0, -1, 2, 5, 5, -1],
 [0, -1, 2, 5, 5, 0],
 [0, -1, 2, 5, 5, 3],
 [0, -1, 5, -1, -1, -1],
 [0, -1, 5, -1, -1, 0],
 [0, -1, 5, -1, -1, 3],
 [0, -1, 5, -1, 5, -1],
 [0, -1, 5, -1, 5, 0],
 [0, -1, 5, -1, 5, 3],
 [0, -1, 5, 0, -1, -1],
 [0, -1, 5, 0, -1, 0],
 [0, -1, 5, 0, -1, 3],
 [0, -1, 5, 0, 5, -1],
 [0, -1, 5, 0, 5, 0],
 [0, -1, 5, 0, 5, 3],
 [0, -1, 5, 5, -1, -1],
 [0, -1, 5, 5, -1, 0],
 [0, -1, 5, 5, -1, 3],
 [0, -1, 5, 5, 5, -1],
 [0, -1, 5, 5, 5, 0],
 [0, -1, 5, 5, 5, 3],
 [0, 3, -1, -1, 5, -1],
 [0, 3, -1, -1, 5, 0],
 [0, 3, -1, -1, 5, 3],
 [0, 3, -1, 0, 5, -1],
 [0, 3, -1, 0, 5, 0],
 [0, 3, -1, 0, 5, 3],
 [0, 3, -1, 5, -1, -1],
 [0, 3, -1, 5, -1, 0],
 [0, 3, -1, 5, -1, 3],
 [0, 3, -1, 5, 5, -1],
 [0, 3, -1, 5, 5, 0],
 [0, 3, -1, 5, 5, 3],
 [0, 3, 2, -1, 5, -1],
 [0, 3, 2, -1, 5, 0],
 [0, 3, 2, -1, 5, 3],
 [0, 3, 2, 0, 5, -1],
 [0, 3, 2, 0, 5, 0],
 [0, 3, 2, 0, 5, 3],
 [0, 3, 2, 5, -1, -1],
 [0, 3, 2, 5, -1, 0],
 [0, 3, 2, 5, -1, 3],
 [0, 3, 2, 5, 5, -1],
 [0, 3, 2, 5, 5, 0],
 [0, 3, 2, 5, 5, 3],
 [0, 3, 5, -1, -1, -1],
 [0, 3, 5, -1, -1, 0],
 [0, 3, 5, -1, -1, 3],
 [0, 3, 5, -1, 5, -1],
 [0, 3, 5, -1, 5, 0],
 [0, 3, 5, -1, 5, 3],
 [0, 3, 5, 0, -1, -1],
 [0, 3, 5, 0, -1, 0],
 [0, 3, 5, 0, -1, 3],
 [0, 3, 5, 0, 5, -1],
 [0, 3, 5, 0, 5, 0],
 [0, 3, 5, 0, 5, 3],
 [0, 3, 5, 5, -1, -1],
 [0, 3, 5, 5, -1, 0],
 [0, 3, 5, 5, -1, 3],
 [0, 3, 5, 5, 5, -1],
 [0, 3, 5, 5, 5, 0],
 [0, 3, 5, 5, 5, 3],
 [3, -1, -1, -1, 5, -1],
 [3, -1, -1, -1, 5, 0],
 [3, -1, -1, -1, 5, 3],
 [3, -1, -1, 0, 5, -1],
 [3, -1, -1, 0, 5, 0],
 [3, -1, -1, 0, 5, 3],
 [3, -1, -1, 5, -1, -1],
 [3, -1, -1, 5, -1, 0],
 [3, -1, -1, 5, -1, 3],
 [3, -1, -1, 5, 5, -1],
 [3, -1, -1, 5, 5, 0],
 [3, -1, -1, 5, 5, 3],
 [3, -1, 2, -1, 5, -1],
 [3, -1, 2, -1, 5, 0],
 [3, -1, 2, -1, 5, 3],
 [3, -1, 2, 0, 5, -1],
 [3, -1, 2, 0, 5, 0],
 [3, -1, 2, 0, 5, 3],
 [3, -1, 2, 5, -1, -1],
 [3, -1, 2, 5, -1, 0],
 [3, -1, 2, 5, -1, 3],
 [3, -1, 2, 5, 5, -1],
 [3, -1, 2, 5, 5, 0],
 [3, -1, 2, 5, 5, 3],
 [3, -1, 5, -1, -1, -1],
 [3, -1, 5, -1, -1, 0],
 [3, -1, 5, -1, -1, 3],
 [3, -1, 5, -1, 5, -1],
 [3, -1, 5, -1, 5, 0],
 [3, -1, 5, -1, 5, 3],
 [3, -1, 5, 0, -1, -1],
 [3, -1, 5, 0, -1, 0],
 [3, -1, 5, 0, -1, 3],
 [3, -1, 5, 0, 5, -1],
 [3, -1, 5, 0, 5, 0],
 [3, -1, 5, 0, 5, 3],
 [3, -1, 5, 5, -1, -1],
 [3, -1, 5, 5, -1, 0],
 [3, -1, 5, 5, -1, 3],
 [3, -1, 5, 5, 5, -1],
 [3, -1, 5, 5, 5, 0],
 [3, -1, 5, 5, 5, 3],
 [3, 3, -1, -1, 5, -1],
 [3, 3, -1, -1, 5, 0],
 [3, 3, -1, -1, 5, 3],
 [3, 3, -1, 0, 5, -1],
 [3, 3, -1, 0, 5, 0],
 [3, 3, -1, 0, 5, 3],
 [3, 3, -1, 5, -1, -1],
 [3, 3, -1, 5, -1, 0],
 [3, 3, -1, 5, -1, 3],
 [3, 3, -1, 5, 5, -1],
 [3, 3, -1, 5, 5, 0],
 [3, 3, -1, 5, 5, 3],
 [3, 3, 2, -1, 5, -1],
 [3, 3, 2, -1, 5, 0],
 [3, 3, 2, -1, 5, 3],
 [3, 3, 2, 0, 5, -1],
 [3, 3, 2, 0, 5, 0],
 [3, 3, 2, 0, 5, 3],
 [3, 3, 2, 5, -1, -1],
 [3, 3, 2, 5, -1, 0],
 [3, 3, 2, 5, -1, 3],
 [3, 3, 2, 5, 5, -1],
 [3, 3, 2, 5, 5, 0],
 [3, 3, 2, 5, 5, 3],
 [3, 3, 5, -1, -1, -1],
 [3, 3, 5, -1, -1, 0],
 [3, 3, 5, -1, -1, 3],
 [3, 3, 5, -1, 5, -1],
 [3, 3, 5, -1, 5, 0],
 [3, 3, 5, -1, 5, 3],
 [3, 3, 5, 0, -1, -1],
 [3, 3, 5, 0, -1, 0],
 [3, 3, 5, 0, -1, 3],
 [3, 3, 5, 0, 5, -1],
 [3, 3, 5, 0, 5, 0],
 [3, 3, 5, 0, 5, 3],
 [3, 3, 5, 5, -1, -1],
 [3, 3, 5, 5, -1, 0],
 [3, 3, 5, 5, -1, 3],
 [3, 3, 5, 5, 5, -1],
 [3, 3, 5, 5, 5, 0],
 [3, 3, 5, 5, 5, 3],
 [-1, 7, -1, -1, -1, -1],
 [-1, 7, -1, -1, -1, 0],
 [-1, 7, -1, -1, 5, -1],
 [-1, 7, -1, -1, 5, 0],
 [-1, 7, -1, 0, -1, -1],
 [-1, 7, -1, 0, -1, 0],
 [-1, 7, -1, 0, 5, -1],
 [-1, 7, -1, 0, 5, 0],
 [-1, 7, -1, 5, -1, -1],
 [-1, 7, -1, 5, -1, 0],
 [-1, 7, -1, 5, 5, -1],
 [-1, 7, -1, 5, 5, 0],
 [-1, 7, 5, -1, -1, -1],
 [-1, 7, 5, -1, -1, 0],
 [-1, 7, 5, -1, 5, -1],
 [-1, 7, 5, -1, 5, 0],
 [-1, 7, 5, 0, -1, -1],
 [-1, 7, 5, 0, -1, 0],
 [-1, 7, 5, 0, 5, -1],
 [-1, 7, 5, 0, 5, 0],
 [-1, 7, 5, 5, -1, -1],
 [-1, 7, 5, 5, -1, 0],
 [-1, 7, 5, 5, 5, -1],
 [-1, 7, 5, 5, 5, 0],
 [0, 7, -1, -1, -1, -1],
 [0, 7, -1, -1, -1, 0],
 [0, 7, -1, -1, 5, -1],
 [0, 7, -1, -1, 5, 0],
 [0, 7, -1, 0, -1, -1],
 [0, 7, -1, 0, -1, 0],
 [0, 7, -1, 0, 5, -1],
 [0, 7, -1, 0, 5, 0],
 [0, 7, -1, 5, -1, -1],
 [0, 7, -1, 5, -1, 0],
 [0, 7, -1, 5, 5, -1],
 [0, 7, -1, 5, 5, 0],
 [0, 7, 5, -1, -1, -1],
 [0, 7, 5, -1, -1, 0],
 [0, 7, 5, -1, 5, -1],
 [0, 7, 5, -1, 5, 0],
 [0, 7, 5, 0, -1, -1],
 [0, 7, 5, 0, -1, 0],
 [0, 7, 5, 0, 5, -1],
 [0, 7, 5, 0, 5, 0],
 [0, 7, 5, 5, -1, -1],
 [0, 7, 5, 5, -1, 0],
 [0, 7, 5, 5, 5, -1],
 [0, 7, 5, 5, 5, 0],
 [-1, -1, -1, -1, -1, 8],
 [-1, -1, -1, -1, 5, 8],
 [-1, -1, -1, -1, 8, -1],
 [-1, -1, -1, -1, 8, 0],
 [-1, -1, -1, -1, 8, 8],
 [-1, -1, -1, 0, -1, 8],
 [-1, -1, -1, 0, 5, 8],
 [-1, -1, -1, 0, 8, -1],
 [-1, -1, -1, 0, 8, 0],
 [-1, -1, -1, 0, 8, 8],
 [-1, -1, -1, 5, -1, 8],
 [-1, -1, -1, 5, 5, 8],
 [-1, -1, -1, 5, 8, -1],
 [-1, -1, -1, 5, 8, 0],
 [-1, -1, -1, 5, 8, 8],
 [-1, -1, 5, -1, -1, 8],
 [-1, -1, 5, -1, 5, 8],
 [-1, -1, 5, -1, 8, -1],
 [-1, -1, 5, -1, 8, 0],
 [-1, -1, 5, -1, 8, 8],
 [-1, -1, 5, 0, -1, 8],
 [-1, -1, 5, 0, 5, 8],
 [-1, -1, 5, 0, 8, -1],
 [-1, -1, 5, 0, 8, 0],
 [-1, -1, 5, 0, 8, 8],
 [-1, -1, 5, 5, -1, 8],
 [-1, -1, 5, 5, 5, 8],
 [-1, -1, 5, 5, 8, -1],
 [-1, -1, 5, 5, 8, 0],
 [-1, -1, 5, 5, 8, 8],
 [-1, 7, -1, -1, -1, 8],
 [-1, 7, -1, -1, 5, 8],
 [-1, 7, -1, -1, 8, -1],
 [-1, 7, -1, -1, 8, 0],
 [-1, 7, -1, -1, 8, 8],
 [-1, 7, -1, 0, -1, 8],
 [-1, 7, -1, 0, 5, 8],
 [-1, 7, -1, 0, 8, -1],
 [-1, 7, -1, 0, 8, 0],
 [-1, 7, -1, 0, 8, 8],
 [-1, 7, -1, 5, -1, 8],
 [-1, 7, -1, 5, 5, 8],
 [-1, 7, -1, 5, 8, -1],
 [-1, 7, -1, 5, 8, 0],
 [-1, 7, -1, 5, 8, 8],
 [-1, 7, 5, -1, -1, 8],
 [-1, 7, 5, -1, 5, 8],
 [-1, 7, 5, -1, 8, -1],
 [-1, 7, 5, -1, 8, 0],
 [-1, 7, 5, -1, 8, 8],
 [-1, 7, 5, 0, -1, 8],
 [-1, 7, 5, 0, 5, 8],
 [-1, 7, 5, 0, 8, -1],
 [-1, 7, 5, 0, 8, 0],
 [-1, 7, 5, 0, 8, 8],
 [-1, 7, 5, 5, -1, 8],
 [-1, 7, 5, 5, 5, 8],
 [-1, 7, 5, 5, 8, -1],
 [-1, 7, 5, 5, 8, 0],
 [-1, 7, 5, 5, 8, 8],
 [0, -1, -1, -1, -1, 8],
 [0, -1, -1, -1, 5, 8],
 [0, -1, -1, -1, 8, -1],
 [0, -1, -1, -1, 8, 0],
 [0, -1, -1, -1, 8, 8],
 [0, -1, -1, 0, -1, 8],
 [0, -1, -1, 0, 5, 8],
 [0, -1, -1, 0, 8, -1],
 [0, -1, -1, 0, 8, 0],
 [0, -1, -1, 0, 8, 8],
 [0, -1, -1, 5, -1, 8],
 [0, -1, -1, 5, 5, 8],
 [0, -1, -1, 5, 8, -1],
 [0, -1, -1, 5, 8, 0],
 [0, -1, -1, 5, 8, 8],
 [0, -1, 5, -1, -1, 8],
 [0, -1, 5, -1, 5, 8],
 [0, -1, 5, -1, 8, -1],
 [0, -1, 5, -1, 8, 0],
 [0, -1, 5, -1, 8, 8],
 [0, -1, 5, 0, -1, 8],
 [0, -1, 5, 0, 5, 8],
 [0, -1, 5, 0, 8, -1],
 [0, -1, 5, 0, 8, 0],
 [0, -1, 5, 0, 8, 8],
 [0, -1, 5, 5, -1, 8],
 [0, -1, 5, 5, 5, 8],
 [0, -1, 5, 5, 8, -1],
 [0, -1, 5, 5, 8, 0],
 [0, -1, 5, 5, 8, 8],
 [0, 7, -1, -1, -1, 8],
 [0, 7, -1, -1, 5, 8],
 [0, 7, -1, -1, 8, -1],
 [0, 7, -1, -1, 8, 0],
 [0, 7, -1, -1, 8, 8],
 [0, 7, -1, 0, -1, 8],
 [0, 7, -1, 0, 5, 8],
 [0, 7, -1, 0, 8, -1],
 [0, 7, -1, 0, 8, 0],
 [0, 7, -1, 0, 8, 8],
 [0, 7, -1, 5, -1, 8],
 [0, 7, -1, 5, 5, 8],
 [0, 7, -1, 5, 8, -1],
 [0, 7, -1, 5, 8, 0],
 [0, 7, -1, 5, 8, 8],
 [0, 7, 5, -1, -1, 8],
 [0, 7, 5, -1, 5, 8],
 [0, 7, 5, -1, 8, -1],
 [0, 7, 5, -1, 8, 0],
 [0, 7, 5, -1, 8, 8],
 [0, 7, 5, 0, -1, 8],
 [0, 7, 5, 0, 5, 8],
 [0, 7, 5, 0, 8, -1],
 [0, 7, 5, 0, 8, 0],
 [0, 7, 5, 0, 8, 8],
 [0, 7, 5, 5, -1, 8],
 [0, 7, 5, 5, 5, 8],
 [0, 7, 5, 5, 8, -1],
 [0, 7, 5, 5, 8, 0],
 [0, 7, 5, 5, 8, 8],
 [8, -1, -1, -1, -1, -1],
 [8, -1, -1, -1, -1, 0],
 [8, -1, -1, -1, -1, 8],
 [8, -1, -1, -1, 5, -1],
 [8, -1, -1, -1, 5, 0],
 [8, -1, -1, -1, 5, 8],
 [8, -1, -1, -1, 8, -1],
 [8, -1, -1, -1, 8, 0],
 [8, -1, -1, -1, 8, 8],
 [8, -1, -1, 0, -1, -1],
 [8, -1, -1, 0, -1, 0],
 [8, -1, -1, 0, -1, 8],
 [8, -1, -1, 0, 5, -1],
 [8, -1, -1, 0, 5, 0],
 [8, -1, -1, 0, 5, 8],
 [8, -1, -1, 0, 8, -1],
 [8, -1, -1, 0, 8, 0],
 [8, -1, -1, 0, 8, 8],
 [8, -1, -1, 5, -1, -1],
 [8, -1, -1, 5, -1, 0],
 [8, -1, -1, 5, -1, 8],
 [8, -1, -1, 5, 5, -1],
 [8, -1, -1, 5, 5, 0],
 [8, -1, -1, 5, 5, 8],
 [8, -1, -1, 5, 8, -1],
 [8, -1, -1, 5, 8, 0],
 [8, -1, -1, 5, 8, 8],
 [8, -1, 5, -1, -1, -1],
 [8, -1, 5, -1, -1, 0],
 [8, -1, 5, -1, -1, 8],
 [8, -1, 5, -1, 5, -1],
 [8, -1, 5, -1, 5, 0],
 [8, -1, 5, -1, 5, 8],
 [8, -1, 5, -1, 8, -1],
 [8, -1, 5, -1, 8, 0],
 [8, -1, 5, -1, 8, 8],
 [8, -1, 5, 0, -1, -1],
 [8, -1, 5, 0, -1, 0],
 [8, -1, 5, 0, -1, 8],
 [8, -1, 5, 0, 5, -1],
 [8, -1, 5, 0, 5, 0],
 [8, -1, 5, 0, 5, 8],
 [8, -1, 5, 0, 8, -1],
 [8, -1, 5, 0, 8, 0],
 [8, -1, 5, 0, 8, 8],
 [8, -1, 5, 5, -1, -1],
 [8, -1, 5, 5, -1, 0],
 [8, -1, 5, 5, -1, 8],
 [8, -1, 5, 5, 5, -1],
 [8, -1, 5, 5, 5, 0],
 [8, -1, 5, 5, 5, 8],
 [8, -1, 5, 5, 8, -1],
 [8, -1, 5, 5, 8, 0],
 [8, -1, 5, 5, 8, 8],
 [8, 7, -1, -1, -1, -1],
 [8, 7, -1, -1, -1, 0],
 [8, 7, -1, -1, -1, 8],
 [8, 7, -1, -1, 5, -1],
 [8, 7, -1, -1, 5, 0],
 [8, 7, -1, -1, 5, 8],
 [8, 7, -1, -1, 8, -1],
 [8, 7, -1, -1, 8, 0],
 [8, 7, -1, -1, 8, 8],
 [8, 7, -1, 0, -1, -1],
 [8, 7, -1, 0, -1, 0],
 [8, 7, -1, 0, -1, 8],
 [8, 7, -1, 0, 5, -1],
 [8, 7, -1, 0, 5, 0],
 [8, 7, -1, 0, 5, 8],
 [8, 7, -1, 0, 8, -1],
 [8, 7, -1, 0, 8, 0],
 [8, 7, -1, 0, 8, 8],
 [8, 7, -1, 5, -1, -1],
 [8, 7, -1, 5, -1, 0],
 [8, 7, -1, 5, -1, 8],
 [8, 7, -1, 5, 5, -1],
 [8, 7, -1, 5, 5, 0],
 [8, 7, -1, 5, 5, 8],
 [8, 7, -1, 5, 8, -1],
 [8, 7, -1, 5, 8, 0],
 [8, 7, -1, 5, 8, 8],
 [8, 7, 5, -1, -1, -1],
 [8, 7, 5, -1, -1, 0],
 [8, 7, 5, -1, -1, 8],
 [8, 7, 5, -1, 5, -1],
 [8, 7, 5, -1, 5, 0],
 [8, 7, 5, -1, 5, 8],
 [8, 7, 5, -1, 8, -1],
 [8, 7, 5, -1, 8, 0],
 [8, 7, 5, -1, 8, 8],
 [8, 7, 5, 0, -1, -1],
 [8, 7, 5, 0, -1, 0],
 [8, 7, 5, 0, -1, 8],
 [8, 7, 5, 0, 5, -1],
 [8, 7, 5, 0, 5, 0],
 [8, 7, 5, 0, 5, 8],
 [8, 7, 5, 0, 8, -1],
 [8, 7, 5, 0, 8, 0],
 [8, 7, 5, 0, 8, 8],
 [8, 7, 5, 5, -1, -1],
 [8, 7, 5, 5, -1, 0],
 [8, 7, 5, 5, -1, 8],
 [8, 7, 5, 5, 5, -1],
 [8, 7, 5, 5, 5, 0],
 [8, 7, 5, 5, 5, 8],
 [8, 7, 5, 5, 8, -1],
 [8, 7, 5, 5, 8, 0],
 [8, 7, 5, 5, 8, 8],
 [-1, -1, -1, 9, -1, -1],
 [-1, -1, -1, 9, -1, 0],
 [-1, -1, -1, 9, -1, 8],
 [-1, -1, -1, 9, 8, -1],
 [-1, -1, -1, 9, 8, 0],
 [-1, -1, -1, 9, 8, 8],
 [-1, 7, -1, 9, -1, -1],
 [-1, 7, -1, 9, -1, 0],
 [-1, 7, -1, 9, -1, 8],
 [-1, 7, -1, 9, 8, -1],
 [-1, 7, -1, 9, 8, 0],
 [-1, 7, -1, 9, 8, 8],
 [0, -1, -1, 9, -1, -1],
 [0, -1, -1, 9, -1, 0],
 [0, -1, -1, 9, -1, 8],
 [0, -1, -1, 9, 8, -1],
 [0, -1, -1, 9, 8, 0],
 [0, -1, -1, 9, 8, 8],
 [0, 7, -1, 9, -1, -1],
 [0, 7, -1, 9, -1, 0],
 [0, 7, -1, 9, -1, 8],
 [0, 7, -1, 9, 8, -1],
 [0, 7, -1, 9, 8, 0],
 [0, 7, -1, 9, 8, 8],
 [8, -1, -1, 9, -1, -1],
 [8, -1, -1, 9, -1, 0],
 [8, -1, -1, 9, -1, 8],
 [8, -1, -1, 9, 8, -1],
 [8, -1, -1, 9, 8, 0],
 [8, -1, -1, 9, 8, 8],
 [8, 7, -1, 9, -1, -1],
 [8, 7, -1, 9, -1, 0],
 [8, 7, -1, 9, -1, 8],
 [8, 7, -1, 9, 8, -1],
 [8, 7, -1, 9, 8, 0],
 [8, 7, -1, 9, 8, 8],
 [-1, -1, 10, -1, -1, -1],
 [-1, -1, 10, -1, -1, 0],
 [-1, -1, 10, -1, -1, 8],
 [-1, -1, 10, -1, 8, -1],
 [-1, -1, 10, -1, 8, 0],
 [-1, -1, 10, -1, 8, 8],
 [-1, -1, 10, 0, -1, -1],
 [-1, -1, 10, 0, -1, 0],
 [-1, -1, 10, 0, -1, 8],
 [-1, -1, 10, 0, 8, -1],
 [-1, -1, 10, 0, 8, 0],
 [-1, -1, 10, 0, 8, 8],
 [-1, -1, 10, 9, -1, -1],
 [-1, -1, 10, 9, -1, 0],
 [-1, -1, 10, 9, -1, 8],
 [-1, -1, 10, 9, 8, -1],
 [-1, -1, 10, 9, 8, 0],
 [-1, -1, 10, 9, 8, 8],
 [-1, 7, 10, -1, -1, -1],
 [-1, 7, 10, -1, -1, 0],
 [-1, 7, 10, -1, -1, 8],
 [-1, 7, 10, -1, 8, -1],
 [-1, 7, 10, -1, 8, 0],
 [-1, 7, 10, -1, 8, 8],
 [-1, 7, 10, 0, -1, -1],
 [-1, 7, 10, 0, -1, 0],
 [-1, 7, 10, 0, -1, 8],
 [-1, 7, 10, 0, 8, -1],
 [-1, 7, 10, 0, 8, 0],
 [-1, 7, 10, 0, 8, 8],
 [-1, 7, 10, 9, -1, -1],
 [-1, 7, 10, 9, -1, 0],
 [-1, 7, 10, 9, -1, 8],
 [-1, 7, 10, 9, 8, -1],
 [-1, 7, 10, 9, 8, 0],
 [-1, 7, 10, 9, 8, 8],
 [-1, 10, -1, -1, -1, -1],
 [-1, 10, -1, -1, -1, 0],
 [-1, 10, -1, -1, -1, 8],
 [-1, 10, -1, -1, 8, -1],
 [-1, 10, -1, -1, 8, 0],
 [-1, 10, -1, -1, 8, 8],
 [-1, 10, -1, 0, -1, -1],
 [-1, 10, -1, 0, -1, 0],
 [-1, 10, -1, 0, -1, 8],
 [-1, 10, -1, 0, 8, -1],
 [-1, 10, -1, 0, 8, 0],
 [-1, 10, -1, 0, 8, 8],
 [-1, 10, -1, 9, -1, -1],
 [-1, 10, -1, 9, -1, 0],
 [-1, 10, -1, 9, -1, 8],
 [-1, 10, -1, 9, 8, -1],
 [-1, 10, -1, 9, 8, 0],
 [-1, 10, -1, 9, 8, 8],
 [-1, 10, 10, -1, -1, -1],
 [-1, 10, 10, -1, -1, 0],
 [-1, 10, 10, -1, -1, 8],
 [-1, 10, 10, -1, 8, -1],
 [-1, 10, 10, -1, 8, 0],
 [-1, 10, 10, -1, 8, 8],
 [-1, 10, 10, 0, -1, -1],
 [-1, 10, 10, 0, -1, 0],
 [-1, 10, 10, 0, -1, 8],
 [-1, 10, 10, 0, 8, -1],
 [-1, 10, 10, 0, 8, 0],
 [-1, 10, 10, 0, 8, 8],
 [-1, 10, 10, 9, -1, -1],
 [-1, 10, 10, 9, -1, 0],
 [-1, 10, 10, 9, -1, 8],
 [-1, 10, 10, 9, 8, -1],
 [-1, 10, 10, 9, 8, 0],
 [-1, 10, 10, 9, 8, 8],
 [0, -1, 10, -1, -1, -1],
 [0, -1, 10, -1, -1, 0],
 [0, -1, 10, -1, -1, 8],
 [0, -1, 10, -1, 8, -1],
 [0, -1, 10, -1, 8, 0],
 [0, -1, 10, -1, 8, 8],
 [0, -1, 10, 0, -1, -1],
 [0, -1, 10, 0, -1, 0],
 [0, -1, 10, 0, -1, 8],
 [0, -1, 10, 0, 8, -1],
 [0, -1, 10, 0, 8, 0],
 [0, -1, 10, 0, 8, 8],
 [0, -1, 10, 9, -1, -1],
 [0, -1, 10, 9, -1, 0],
 [0, -1, 10, 9, -1, 8],
 [0, -1, 10, 9, 8, -1],
 [0, -1, 10, 9, 8, 0],
 [0, -1, 10, 9, 8, 8],
 [0, 7, 10, -1, -1, -1],
 [0, 7, 10, -1, -1, 0],
 [0, 7, 10, -1, -1, 8],
 [0, 7, 10, -1, 8, -1],
 [0, 7, 10, -1, 8, 0],
 [0, 7, 10, -1, 8, 8],
 [0, 7, 10, 0, -1, -1],
 [0, 7, 10, 0, -1, 0],
 [0, 7, 10, 0, -1, 8],
 [0, 7, 10, 0, 8, -1],
 [0, 7, 10, 0, 8, 0],
 [0, 7, 10, 0, 8, 8],
 [0, 7, 10, 9, -1, -1],
 [0, 7, 10, 9, -1, 0],
 [0, 7, 10, 9, -1, 8],
 [0, 7, 10, 9, 8, -1],
 [0, 7, 10, 9, 8, 0],
 [0, 7, 10, 9, 8, 8],
 [0, 10, -1, -1, -1, -1],
 [0, 10, -1, -1, -1, 0],
 [0, 10, -1, -1, -1, 8],
 [0, 10, -1, -1, 8, -1],
 [0, 10, -1, -1, 8, 0],
 [0, 10, -1, -1, 8, 8],
 [0, 10, -1, 0, -1, -1],
 [0, 10, -1, 0, -1, 0],
 [0, 10, -1, 0, -1, 8],
 [0, 10, -1, 0, 8, -1],
 [0, 10, -1, 0, 8, 0],
 [0, 10, -1, 0, 8, 8],
 [0, 10, -1, 9, -1, -1],
 [0, 10, -1, 9, -1, 0],
 [0, 10, -1, 9, -1, 8],
 [0, 10, -1, 9, 8, -1],
 [0, 10, -1, 9, 8, 0],
 [0, 10, -1, 9, 8, 8],
 [0, 10, 10, -1, -1, -1],
 [0, 10, 10, -1, -1, 0],
 [0, 10, 10, -1, -1, 8],
 [0, 10, 10, -1, 8, -1],
 [0, 10, 10, -1, 8, 0],
 [0, 10, 10, -1, 8, 8],
 [0, 10, 10, 0, -1, -1],
 [0, 10, 10, 0, -1, 0],
 [0, 10, 10, 0, -1, 8],
 [0, 10, 10, 0, 8, -1],
 [0, 10, 10, 0, 8, 0],
 [0, 10, 10, 0, 8, 8],
 [0, 10, 10, 9, -1, -1],
 [0, 10, 10, 9, -1, 0],
 [0, 10, 10, 9, -1, 8],
 [0, 10, 10, 9, 8, -1],
 [0, 10, 10, 9, 8, 0],
 [0, 10, 10, 9, 8, 8],
 [8, -1, 10, -1, -1, -1],
 [8, -1, 10, -1, -1, 0],
 [8, -1, 10, -1, -1, 8],
 [8, -1, 10, -1, 8, -1],
 [8, -1, 10, -1, 8, 0],
 [8, -1, 10, -1, 8, 8],
 [8, -1, 10, 0, -1, -1],
 [8, -1, 10, 0, -1, 0],
 [8, -1, 10, 0, -1, 8],
 [8, -1, 10, 0, 8, -1],
 [8, -1, 10, 0, 8, 0],
 [8, -1, 10, 0, 8, 8],
 [8, -1, 10, 9, -1, -1],
 [8, -1, 10, 9, -1, 0],
 [8, -1, 10, 9, -1, 8],
 [8, -1, 10, 9, 8, -1],
 [8, -1, 10, 9, 8, 0],
 [8, -1, 10, 9, 8, 8],
 [8, 7, 10, -1, -1, -1],
 [8, 7, 10, -1, -1, 0],
 [8, 7, 10, -1, -1, 8],
 [8, 7, 10, -1, 8, -1],
 [8, 7, 10, -1, 8, 0],
 [8, 7, 10, -1, 8, 8],
 [8, 7, 10, 0, -1, -1],
 [8, 7, 10, 0, -1, 0],
 [8, 7, 10, 0, -1, 8],
 [8, 7, 10, 0, 8, -1],
 [8, 7, 10, 0, 8, 0],
 [8, 7, 10, 0, 8, 8],
 [8, 7, 10, 9, -1, -1],
 [8, 7, 10, 9, -1, 0],
 [8, 7, 10, 9, -1, 8],
 [8, 7, 10, 9, 8, -1],
 [8, 7, 10, 9, 8, 0],
 [8, 7, 10, 9, 8, 8],
 [8, 10, -1, -1, -1, -1],
 [8, 10, -1, -1, -1, 0],
 [8, 10, -1, -1, -1, 8],
 [8, 10, -1, -1, 8, -1],
 [8, 10, -1, -1, 8, 0],
 [8, 10, -1, -1, 8, 8],
 [8, 10, -1, 0, -1, -1],
 [8, 10, -1, 0, -1, 0],
 [8, 10, -1, 0, -1, 8],
 [8, 10, -1, 0, 8, -1],
 [8, 10, -1, 0, 8, 0],
 [8, 10, -1, 0, 8, 8],
 [8, 10, -1, 9, -1, -1],
 [8, 10, -1, 9, -1, 0],
 [8, 10, -1, 9, -1, 8],
 [8, 10, -1, 9, 8, -1],
 [8, 10, -1, 9, 8, 0],
 [8, 10, -1, 9, 8, 8],
 [8, 10, 10, -1, -1, -1],
 [8, 10, 10, -1, -1, 0],
 [8, 10, 10, -1, -1, 8],
 [8, 10, 10, -1, 8, -1],
 [8, 10, 10, -1, 8, 0],
 [8, 10, 10, -1, 8, 8],
 [8, 10, 10, 0, -1, -1],
 [8, 10, 10, 0, -1, 0],
 [8, 10, 10, 0, -1, 8],
 [8, 10, 10, 0, 8, -1],
 [8, 10, 10, 0, 8, 0],
 [8, 10, 10, 0, 8, 8],
 [8, 10, 10, 9, -1, -1],
 [8, 10, 10, 9, -1, 0],
 [8, 10, 10, 9, -1, 8],
 [8, 10, 10, 9, 8, -1],
 [8, 10, 10, 9, 8, 0],
 [8, 10, 10, 9, 8, 8],
 [-1, -1, -1, -1, -1, 12],
 [-1, -1, -1, 0, -1, 12],
 [-1, -1, -1, 9, -1, 12],
 [-1, -1, -1, 12, -1, -1],
 [-1, -1, -1, 12, -1, 0],
 [-1, -1, -1, 12, -1, 12],
 [-1, -1, 10, -1, -1, 12],
 [-1, -1, 10, 0, -1, 12],
 [-1, -1, 10, 9, -1, 12],
 [-1, -1, 10, 12, -1, -1],
 [-1, -1, 10, 12, -1, 0],
 [-1, -1, 10, 12, -1, 12],
 [-1, 10, -1, -1, -1, 12],
 [-1, 10, -1, 0, -1, 12],
 [-1, 10, -1, 9, -1, 12],
 [-1, 10, -1, 12, -1, -1],
 [-1, 10, -1, 12, -1, 0],
 [-1, 10, -1, 12, -1, 12],
 [-1, 10, 10, -1, -1, 12],
 [-1, 10, 10, 0, -1, 12],
 [-1, 10, 10, 9, -1, 12],
 [-1, 10, 10, 12, -1, -1],
 [-1, 10, 10, 12, -1, 0],
 [-1, 10, 10, 12, -1, 12],
 [0, -1, -1, -1, -1, 12],
 [0, -1, -1, 0, -1, 12],
 [0, -1, -1, 9, -1, 12],
 [0, -1, -1, 12, -1, -1],
 [0, -1, -1, 12, -1, 0],
 [0, -1, -1, 12, -1, 12],
 [0, -1, 10, -1, -1, 12],
 [0, -1, 10, 0, -1, 12],
 [0, -1, 10, 9, -1, 12],
 [0, -1, 10, 12, -1, -1],
 [0, -1, 10, 12, -1, 0],
 [0, -1, 10, 12, -1, 12],
 [0, 10, -1, -1, -1, 12],
 [0, 10, -1, 0, -1, 12],
 [0, 10, -1, 9, -1, 12],
 [0, 10, -1, 12, -1, -1],
 [0, 10, -1, 12, -1, 0],
 [0, 10, -1, 12, -1, 12],
 [0, 10, 10, -1, -1, 12],
 [0, 10, 10, 0, -1, 12],
 [0, 10, 10, 9, -1, 12],
 [0, 10, 10, 12, -1, -1],
 [0, 10, 10, 12, -1, 0],
 [0, 10, 10, 12, -1, 12],
 [12, -1, -1, -1, -1, -1],
 [12, -1, -1, -1, -1, 0],
 [12, -1, -1, -1, -1, 12],
 [12, -1, -1, 0, -1, -1],
 [12, -1, -1, 0, -1, 0],
 [12, -1, -1, 0, -1, 12],
 [12, -1, -1, 9, -1, -1],
 [12, -1, -1, 9, -1, 0],
 [12, -1, -1, 9, -1, 12],
 [12, -1, -1, 12, -1, -1],
 [12, -1, -1, 12, -1, 0],
 [12, -1, -1, 12, -1, 12],
 [12, -1, 10, -1, -1, -1],
 [12, -1, 10, -1, -1, 0],
 [12, -1, 10, -1, -1, 12],
 [12, -1, 10, 0, -1, -1],
 [12, -1, 10, 0, -1, 0],
 [12, -1, 10, 0, -1, 12],
 [12, -1, 10, 9, -1, -1],
 [12, -1, 10, 9, -1, 0],
 [12, -1, 10, 9, -1, 12],
 [12, -1, 10, 12, -1, -1],
 [12, -1, 10, 12, -1, 0],
 [12, -1, 10, 12, -1, 12],
 [12, 10, -1, -1, -1, -1],
 [12, 10, -1, -1, -1, 0],
 [12, 10, -1, -1, -1, 12],
 [12, 10, -1, 0, -1, -1],
 [12, 10, -1, 0, -1, 0],
 [12, 10, -1, 0, -1, 12],
 [12, 10, -1, 9, -1, -1],
 [12, 10, -1, 9, -1, 0],
 [12, 10, -1, 9, -1, 12],
 [12, 10, -1, 12, -1, -1],
 [12, 10, -1, 12, -1, 0],
 [12, 10, -1, 12, -1, 12],
 [12, 10, 10, -1, -1, -1],
 [12, 10, 10, -1, -1, 0],
 [12, 10, 10, -1, -1, 12],
 [12, 10, 10, 0, -1, -1],
 [12, 10, 10, 0, -1, 0],
 [12, 10, 10, 0, -1, 12],
 [12, 10, 10, 9, -1, -1],
 [12, 10, 10, 9, -1, 0],
 [12, 10, 10, 9, -1, 12],
 [12, 10, 10, 12, -1, -1],
 [12, 10, 10, 12, -1, 0],
 [12, 10, 10, 12, -1, 12]]